,Node,x,y,z
0,H:GLY:1,66.396,45.291,3.703
1,H:PRO:2,63.762,46.741,1.322
2,H:HIS:3,60.259,47.5,2.576
3,H:SER:4,56.872,48.202,0.921
4,H:LEU:5,53.625,50.141,1.494
5,H:ARG:6,50.678,48.558,-0.348
6,H:TYR:7,46.955,49.411,-0.662
7,H:PHE:8,44.429,46.882,-1.983
8,H:VAL:9,41.199,48.569,-3.062
9,H:THR:10,38.019,46.782,-4.107
10,H:ALA:11,34.611,48.065,-5.16
11,H:VAL:12,31.938,45.472,-5.977
12,H:SER:13,28.486,46.341,-7.314
13,H:ARG:14,25.449,44.35,-6.176
14,H:PRO:15,22.365,45.319,-8.227
15,H:GLY:16,19.085,45.223,-6.386
16,H:LEU:17,20.98,44.943,-3.099
17,H:GLY:18,21.903,48.576,-2.581
18,H:GLU:19,25.123,50.537,-2.933
19,H:PRO:20,28.361,48.75,-3.867
20,H:ARG:21,30.754,47.272,-1.256
21,H:TYR:22,33.959,49.304,-0.94
22,H:MET:23,37.1,48.15,0.785
23,H:GLU:24,40.637,49.451,1.362
24,H:VAL:25,43.231,47.274,3.1
25,H:GLY:26,46.677,48.602,3.963
26,H:TYR:27,49.962,46.67,4.3
27,H:VAL:28,53.473,47.536,5.363
28,H:ASP:29,55.445,44.569,4.1
29,H:ASP:30,53.636,41.402,5.026
30,H:THR:31,51.5,42.723,7.884
31,H:GLU:32,48.097,44.392,7.601
32,H:PHE:33,48.027,47.755,9.4
33,H:VAL:34,44.86,49.632,8.261
34,H:ARG:35,41.443,48.995,6.742
35,H:PHE:36,38.218,50.637,5.558
36,H:ASP:37,35.008,48.673,4.99
37,H:SER:38,31.814,50.31,3.683
38,H:ASP:39,29.668,47.555,5.239
39,H:ALA:40,29.033,49.013,8.702
40,H:GLU:41,27.037,51.965,10.016
41,H:ASN:42,29.671,54.621,10.832
42,H:PRO:43,32.277,52.965,8.624
43,H:ARG:44,35.692,54.393,9.459
44,H:TYR:45,39.374,53.797,8.795
45,H:GLU:46,40.579,51.477,11.568
46,H:PRO:47,44.031,50.371,12.781
47,H:ARG:48,44.904,46.747,12.036
48,H:ALA:49,48.376,46.686,13.624
49,H:ARG:50,49.156,47.535,17.252
50,H:TRP:51,51.778,50.213,16.481
51,H:MET:52,49.193,52.346,14.675
52,H:GLU:53,47.953,53.463,18.102
53,H:GLN:54,50.783,56.035,17.85
54,H:GLU:55,48.808,57.968,15.274
55,H:GLY:56,46.325,60.347,16.867
56,H:PRO:57,42.736,61.547,16.2
57,H:GLU:58,43.638,63.679,13.193
58,H:TYR:59,45.164,60.775,11.263
59,H:TRP:60,42.03,58.633,11.476
60,H:GLU:61,39.659,61.485,10.748
61,H:ARG:62,41.503,62.51,7.555
62,H:GLU:63,41.94,58.951,6.241
63,H:THR:64,38.225,58.299,6.821
64,H:GLN:65,37.118,61.398,4.872
65,H:LYS:66,39.591,60.387,2.213
66,H:ALA:67,38.284,56.823,2.061
67,H:LYS:68,34.661,57.976,1.809
68,H:GLY:69,35.511,60.192,-1.166
69,H:ASN:70,37.271,57.295,-2.89
70,H:GLU:71,34.252,55.111,-2.159
71,H:GLN:72,32.087,57.51,-4.134
72,H:SER:73,34.625,57.676,-6.964
73,H:PHE:74,34.556,53.94,-7.525
74,H:ARG:75,30.757,53.965,-7.171
75,H:VAL:76,30.766,56.358,-10.15
76,H:ASP:77,33.5,54.322,-11.927
77,H:LEU:78,31.376,51.167,-11.892
78,H:ARG:79,28.588,53.043,-13.688
79,H:THR:80,31.127,54.59,-16.093
80,H:LEU:81,32.639,51.224,-16.998
81,H:LEU:82,29.148,49.834,-17.754
82,H:GLY:83,29.088,52.516,-20.397
83,H:TYR:84,32.594,51.807,-21.672
84,H:TYR:85,31.799,48.114,-22.009
85,H:ASN:86,28.096,48.364,-22.937
86,H:GLN:87,26.938,46.147,-20.045
87,H:SER:88,23.641,45.427,-18.248
88,H:LYS:89,22.688,47.519,-15.208
89,H:GLY:90,21.797,44.382,-13.256
90,H:GLY:91,24.975,42.311,-13.344
91,H:SER:92,27.583,42.335,-10.584
92,H:HIS:93,31.056,43.786,-11.39
93,H:THR:94,34.41,44.317,-9.672
94,H:ILE:95,37.112,46.995,-9.852
95,H:GLN:96,40.471,46.435,-8.122
96,H:VAL:97,43.577,48.531,-7.529
97,H:ILE:98,46.971,47.822,-6.033
98,H:SER:99,48.912,51.021,-5.241
99,H:GLY:100,52.219,51.309,-3.405
100,H:CYS:101,55.92,52.004,-3.091
101,H:GLU:102,59.043,50.09,-2.095
102,H:VAL:103,62.153,51.621,-0.514
103,H:GLY:104,65.649,50.327,0.017
104,H:SER:105,67.345,49.707,3.352
105,H:ASP:106,68.235,53.424,3.341
106,H:GLY:107,64.627,54.541,2.899
107,H:ARG:108,64.956,55.873,-0.676
108,H:LEU:109,62.398,54.904,-3.324
109,H:LEU:110,63.135,51.771,-5.38
110,H:ARG:111,59.807,51.677,-7.234
111,H:GLY:112,56.209,52.907,-7.104
112,H:TYR:113,53.122,51.435,-8.833
113,H:GLN:114,49.385,51.448,-9.481
114,H:GLN:115,47.498,48.772,-11.399
115,H:TYR:116,43.726,48.662,-11.974
116,H:ALA:117,41.562,45.708,-12.968
117,H:TYR:118,38.004,45.307,-14.086
118,H:ASP:119,36.315,41.931,-13.551
119,H:GLY:120,39.579,40.2,-12.708
120,H:CYS:121,41.339,41.366,-15.853
121,H:ASP:122,44.047,44.005,-16.233
122,H:TYR:123,42.642,47.451,-16.971
123,H:ILE:124,45.18,50.28,-16.807
124,H:ALA:125,48.61,50.56,-15.189
125,H:LEU:126,51.366,53.053,-14.404
