,Node,x,y,z
0,A:ASP:1,25.124,-0.725,-1.956
1,A:ILE:2,27.872,1.646,-0.86
2,A:VAL:3,27.532,4.735,-3.078
3,A:LEU:4,30.37,7.215,-3.693
4,A:THR:5,29.795,11.036,-3.899
5,A:GLN:6,32.658,12.594,-5.808
6,A:SER:7,33.147,16.353,-6.082
7,A:PRO:8,33.621,18.66,-7.731
8,A:ALA:9,32.116,17.638,-11.053
9,A:SER:10,34.574,19.91,-12.831
10,A:LEU:11,37.688,21.852,-11.965
11,A:SER:12,39.634,24.514,-14.014
12,A:ALA:13,43.225,24.95,-13.159
13,A:SER:14,46.595,26.114,-14.361
14,A:VAL:15,49.838,24.194,-14.663
15,A:GLY:16,51.641,24.51,-11.388
16,A:GLU:17,48.476,24.675,-9.292
17,A:THR:18,47.584,22.157,-6.585
18,A:VAL:19,44.103,20.639,-6.685
19,A:THR:20,42.039,18.271,-4.509
20,A:ILE:21,39.365,15.797,-5.605
21,A:THR:22,37.093,14.187,-3.003
22,A:CYS:23,35.116,10.966,-2.646
23,A:ARG:24,32.756,10.339,0.235
24,A:ALA:25,31.34,6.834,0.71
25,A:SER:26,27.824,6.115,2.027
26,A:GLY:27,29.411,3.531,4.333
27,A:ASN:28,32.816,2.664,5.763
28,A:ILE:29,34.944,1.155,3.011
29,A:HIS:30,37.925,0.551,5.257
30,A:ASN:31,40.529,2.104,2.963
31,A:TYR:32,39.652,-0.045,-0.073
32,A:LEU:33,39.669,2.808,-2.445
33,A:ALA:34,41.41,3.393,-5.789
34,A:TRP:35,41.71,6.371,-8.18
35,A:TYR:36,41.97,6.224,-11.969
36,A:GLN:37,42.807,8.841,-14.54
37,A:GLN:38,41.148,8.75,-17.905
38,A:LYS:39,42.483,10.807,-20.808
39,A:GLN:40,40.375,11.746,-23.791
40,A:GLY:41,39.822,8.691,-25.963
41,A:LYS:42,41.828,6.285,-23.769
42,A:SER:43,41.041,3.671,-21.073
43,A:PRO:44,41.158,4.457,-17.401
44,A:GLN:45,44.563,3.983,-15.883
45,A:LEU:46,45.282,3.15,-12.288
46,A:LEU:47,46.922,5.864,-10.116
47,A:VAL:48,46.393,5.021,-6.456
48,A:TYR:49,45.134,1.885,-4.679
49,A:TYR:50,44.326,1.143,-1.006
50,A:THR:51,43.896,4.872,-0.407
51,A:THR:52,47.542,6.035,-0.387
52,A:THR:53,49.558,3.694,-2.63
53,A:LEU:54,50.889,4.898,-5.899
54,A:ALA:55,50.753,2.579,-8.826
55,A:ASP:56,54.064,1.789,-10.5
56,A:GLY:57,55.317,4.578,-12.673
57,A:VAL:58,52.944,7.19,-11.239
58,A:PRO:59,54.783,10.416,-10.235
59,A:SER:60,54.899,11.454,-6.627
60,A:ARG:61,53.031,14.649,-7.308
61,A:PHE:62,49.833,12.543,-6.858
62,A:SER:63,48.933,11.634,-3.297
63,A:GLY:64,45.943,9.991,-1.696
64,A:SER:65,44.331,10.297,1.712
65,A:GLY:66,41.352,9.275,3.755
66,A:SER:67,39.952,6.885,6.348
67,A:GLY:68,36.517,5.504,7.045
68,A:THR:69,34.245,7.49,4.661
69,A:GLN:70,35.981,10.568,3.263
70,A:TYR:71,38.783,10.178,0.697
71,A:SER:72,40.928,12.681,-1.287
72,A:LEU:73,43.285,12.711,-4.208
73,A:LYS:74,45.671,15.698,-4.093
74,A:ILE:75,47.638,16.647,-7.251
75,A:ASN:76,50.64,18.864,-6.415
76,A:SER:77,52.019,21.135,-9.202
77,A:LEU:78,49.728,20.146,-12.014
78,A:GLN:79,51.483,19.326,-15.341
79,A:PRO:80,50.057,19.448,-18.846
80,A:GLU:81,49.576,15.681,-18.914
81,A:ASP:82,47.427,15.675,-15.75
82,A:PHE:83,44.35,17.099,-17.442
83,A:GLY:84,41.503,14.614,-18.097
84,A:SER:85,38.884,12.85,-15.921
85,A:TYR:86,39.366,11.264,-12.53
86,A:TYR:87,37.349,8.495,-10.852
87,A:CYS:88,37.377,6.912,-7.455
88,A:GLN:89,36.214,3.29,-7.025
89,A:HIS:90,35.684,1.263,-3.824
90,A:PHE:91,36.52,-2.448,-3.301
91,A:TRP:92,34.736,-3.233,-0.023
92,A:SER:93,32.721,-6.364,-0.674
93,A:THR:94,30.352,-6.261,-3.676
94,A:PRO:95,28.872,-4.691,-5.615
95,A:ARG:96,31.67,-2.245,-6.429
96,A:THR:97,30.688,1.293,-7.536
97,A:PHE:98,32.514,4.323,-8.993
98,A:GLY:99,32.327,7.981,-7.976
99,A:GLY:100,30.702,10.232,-10.54
100,A:GLY:101,33.915,11.608,-11.964
101,A:THR:102,35.719,14.941,-12.004
102,A:LYS:103,36.748,16.633,-15.245
103,A:LEU:104,40.045,18.493,-14.621
104,A:GLU:105,40.547,21.147,-17.208
105,A:ILE:106,42.905,23.89,-18.31
106,A:LYS:107,42.303,27.371,-16.945
107,B:GLN:1,53.292,-8.319,-21.113
108,B:VAL:2,49.728,-8.104,-19.847
109,B:GLN:3,47.052,-7.379,-22.517
110,B:LEU:4,43.224,-7.435,-22.657
111,B:GLN:5,41.098,-6.892,-25.766
112,B:GLU:6,37.346,-6.784,-26.154
113,B:SER:7,35.38,-7.896,-29.219
114,B:GLY:8,31.656,-7.338,-29.611
115,B:PRO:9,28.876,-7.005,-32.238
116,B:GLY:10,28.832,-3.221,-32.554
117,B:LEU:11,25.084,-2.717,-33.137
118,B:VAL:12,22.265,-4.849,-31.632
119,B:ALA:13,18.439,-4.839,-31.532
120,B:PRO:14,16.364,-5.538,-28.359
121,B:SER:15,15.377,-8.891,-29.829
122,B:GLN:16,19.005,-9.971,-29.789
123,B:SER:17,21.096,-11.065,-26.852
124,B:LEU:18,24.559,-9.665,-26.37
125,B:SER:19,27.898,-11.368,-25.905
